Chittum19 <-
list(data = structure(c(1, 0.52500000000000002, 0.59199999999999997, 
0.58599999999999997, 0.501, 0.043999999999999997, 0.067000000000000004, 
0.5, 0.33000000000000002, 0.28299999999999997, 0.312, -0.13700000000000001, 
0.52500000000000002, 1, 0.54200000000000004, 0.66600000000000004, 
0.47899999999999998, 0.16900000000000001, 0.14799999999999999, 
0.56999999999999995, 0.35099999999999998, 0.31, 0.34000000000000002, 
-0.14999999999999999, 0.59199999999999997, 0.54200000000000004, 
1, 0.58699999999999997, 0.44, 0.17799999999999999, 0.13500000000000001, 
0.52900000000000003, 0.32100000000000001, 0.30399999999999999, 
0.23100000000000001, -0.32100000000000001, 0.58599999999999997, 
0.66600000000000004, 0.58699999999999997, 1, 0.55100000000000005, 
0.13100000000000001, 0.13, 0.61799999999999999, 0.55100000000000005, 
0.32500000000000001, 0.308, -0.13800000000000001, 0.501, 0.47899999999999998, 
0.44, 0.55100000000000005, 1, 0.11600000000000001, 0.10000000000000001, 
0.39400000000000002, 0.55300000000000005, 0.20000000000000001, 
0.25900000000000001, -0.113, 0.043999999999999997, 0.16900000000000001, 
0.17799999999999999, 0.13100000000000001, 0.11600000000000001, 
1, 0.85399999999999998, 0.16800000000000001, 0.125, 0.20000000000000001, 
0.14399999999999999, -0.17100000000000001, 0.067000000000000004, 
0.14799999999999999, 0.13500000000000001, 0.13, 0.10000000000000001, 
0.85399999999999998, 1, 0.16800000000000001, 0.13100000000000001, 
0.18099999999999999, 0.156, -0.123, 0.5, 0.56999999999999995, 
0.52900000000000003, 0.61799999999999999, 0.39400000000000002, 
0.16800000000000001, 0.16800000000000001, 1, 0.40300000000000002, 
0.31, 0.26500000000000001, -0.16800000000000001, 0.33000000000000002, 
0.35099999999999998, 0.32100000000000001, 0.55100000000000005, 
0.55300000000000005, 0.125, 0.13100000000000001, 0.40300000000000002, 
1, 0.14799999999999999, 0.17499999999999999, -0.042000000000000003, 
0.28299999999999997, 0.31, 0.30399999999999999, 0.32500000000000001, 
0.20000000000000001, 0.20000000000000001, 0.18099999999999999, 
0.31, 0.14799999999999999, 1, 0.65400000000000003, -0.155, 0.312, 
0.34000000000000002, 0.23100000000000001, 0.308, 0.25900000000000001, 
0.14399999999999999, 0.156, 0.26500000000000001, 0.17499999999999999, 
0.65400000000000003, 1, -0.126, -0.13700000000000001, -0.14999999999999999, 
-0.32100000000000001, -0.13800000000000001, -0.113, -0.17100000000000001, 
-0.123, -0.16800000000000001, -0.042000000000000003, -0.155, 
-0.126, 1), .Dim = c(12L, 12L), .Dimnames = list(c("Empowerment", 
"Usefulness", "Success", "Interest", "Caring", "Final_Exam", 
"Learning", "Course_Rating", "Instr_Rating", "Effort", "Cog_Engage", 
"Cost"), c("Empowerment", "Usefulness", "Success", "Interest", 
"Caring", "Final_Exam", "Learning", "Course_Rating", "Instr_Rating", 
"Effort", "Cog_Engage", "Cost"))), n = 533)
