Nimon21 <-
structure(list(AU = c(4, 4.2000000000000002, 4, 3.7999999999999998, 
4, 3.7999999999999998, 3.7999999999999998, 4, 4.5999999999999996, 
3.7999999999999998, 4, 5, 3.6000000000000001, 3.7999999999999998, 
4.2000000000000002, 4.7999999999999998, 4.7999999999999998, 4.2000000000000002, 
3.3999999999999999, 3.7999999999999998, 3.6000000000000001, 4, 
4, 3.6000000000000001, 4, 2.6000000000000001, 4, 3.6000000000000001, 
3.6000000000000001, 4, 4, 4, 4.4000000000000004, 3, 4, 4, 4, 
3.7999999999999998, 4, 4.4000000000000004, 4, 3.2000000000000002, 
4, 4, 4, 4, 3.7999999999999998, 4.7999999999999998, 3.7999999999999998, 
4.4000000000000004, 3.6000000000000001, 3, 4, 3.7999999999999998, 
3.6000000000000001, 4.7999999999999998, 3, 4.2000000000000002, 
3.3999999999999999, 2.7999999999999998, 3.7999999999999998, 3.7999999999999998, 
4.7999999999999998, 4, 4, 4, 3.7999999999999998, 5, 4, 3.7999999999999998, 
4.4000000000000004, 4, 3.6000000000000001, 4.4000000000000004, 
4.7999999999999998, 4, 4, 4, 5, 4, 3.6000000000000001, 4, 5, 
3, 4, 3.6000000000000001, 4.5999999999999996, 3.7999999999999998, 
3.3999999999999999, 4.4000000000000004, 5, 4, 5, 4, 4, 4, 3.2000000000000002, 
4, 4.4000000000000004, 4, 4, 3.7999999999999998, 4, 4.5999999999999996, 
4, 3.2000000000000002, 4, 3.6000000000000001, 5, 4.2000000000000002, 
3.6000000000000001, 4, 4, 3, 4.2000000000000002, 4, 3.6000000000000001, 
4, 3.6000000000000001, 4, 4, 4.2000000000000002, 5, 3.3999999999999999, 
5, 4.2000000000000002, 4, 3.7999999999999998, 3.6000000000000001, 
4.5999999999999996, 4, 4, 3.7999999999999998, 3.3999999999999999, 
4, 3.7999999999999998, 4.5999999999999996, 4, 3.7999999999999998, 
4, 3.6000000000000001, 3.7999999999999998, 4, 3.2000000000000002, 
4, 4.2000000000000002, 3.2000000000000002, 4.4000000000000004, 
3.7999999999999998, 2.3999999999999999, 4, 4, 2.7999999999999998, 
4, 4.4000000000000004, 4.5999999999999996, 5, 4.4000000000000004, 
4, 3.7999999999999998, 3.7999999999999998, 3.6000000000000001, 
3, 4, 4, 4, 4.5999999999999996, 3.6000000000000001, 4.4000000000000004, 
3.7999999999999998, 2.2000000000000002, 4, 3.7999999999999998, 
3.7999999999999998, 3.6000000000000001, 2.6000000000000001, 4.5999999999999996, 
4, 3.3999999999999999, 4, 4, 4, 3, 4, 3.6000000000000001, 4, 
3.2000000000000002, 4, 3, 4, 4, 4, 4, 3.6000000000000001, 4, 
4.4000000000000004, 3.2000000000000002, 1.3999999999999999, 4.5999999999999996, 
5, 4, 3.6000000000000001, 4, 4, 4, 3.2000000000000002, 3.2000000000000002, 
3, 3.6000000000000001, 3.7999999999999998, 3.2000000000000002, 
3.6000000000000001, 3.7999999999999998, 4, 3.3999999999999999, 
1, 4, 3.7999999999999998, 3.7999999999999998, 3.7999999999999998, 
4.2000000000000002, 4, 5, 4, 3.7999999999999998, 4, 4.5999999999999996, 
4.4000000000000004, 3, 4.7999999999999998, 2.7999999999999998, 
4, 3.2000000000000002, 2.7999999999999998, 3.2000000000000002, 
3.6000000000000001, 3.7999999999999998, 4, 3.7999999999999998, 
3.7999999999999998, 4.2000000000000002, 3.7999999999999998, 4, 
4, 3.7999999999999998, 3.7999999999999998, 4.2000000000000002, 
4, 3.6000000000000001, 3, 3, 3.3999999999999999, 4, 2.3999999999999999, 
4, 3.2000000000000002, 2.7999999999999998, 3.6000000000000001, 
4, 4.4000000000000004, 4, 3.7999999999999998, 3.6000000000000001, 
3.7999999999999998, 3.3999999999999999, 4.2000000000000002, 4, 
4, 3.7999999999999998, 3, 4, 3.7999999999999998, 3.3999999999999999, 
4, 4, 3.7999999999999998, 3.7999999999999998, 3.6000000000000001, 
3.7999999999999998, 4.4000000000000004, 3, 3.6000000000000001, 
3.2000000000000002, 4, 3.7999999999999998, 2.7999999999999998, 
3.3999999999999999, 3.7999999999999998, 3.7999999999999998, 3, 
3.6000000000000001, 4, 2.3999999999999999, 3.7999999999999998, 
3.3999999999999999, 4, 4, 5, 4, 3, 3.6000000000000001, 5, 4, 
2.6000000000000001, 2.3999999999999999, 3, 4.4000000000000004, 
3.3999999999999999, 3, 2.3999999999999999, 3.7999999999999998, 
4, 2.7999999999999998, 3.7999999999999998, 3.3999999999999999, 
4, 4, 4.7999999999999998, 4, 3.6000000000000001, 4.7999999999999998, 
3, 4, 4, 3.7999999999999998, 3.7999999999999998, 4.4000000000000004, 
4, 4, 2.3999999999999999, 3.7999999999999998, 4.4000000000000004, 
3.3999999999999999, 3.7999999999999998, 3.3999999999999999, 4, 
3.2000000000000002, 2.6000000000000001, 3.6000000000000001, 2.7999999999999998, 
3.2000000000000002, 3.3999999999999999, 4, 3, 4.4000000000000004, 
4, 4, 3.2000000000000002, 4, 4, 3.6000000000000001, 3.7999999999999998, 
3.7999999999999998, 3.7999999999999998, 4.7999999999999998, 4.2000000000000002, 
4, 3.7999999999999998, 4, 4, 4, 5, 2.7999999999999998, 5, 4, 
2.7999999999999998, 3.3999999999999999, 3.2000000000000002, 4, 
4, 3.7999999999999998, 2.6000000000000001, 3.7999999999999998, 
4.2000000000000002, 3, 3.3999999999999999, 3.2000000000000002, 
3.7999999999999998, 3.2000000000000002, 1.3999999999999999, 4, 
2.3999999999999999, 3.6000000000000001, 3.2000000000000002, 2.6000000000000001, 
4, 4.4000000000000004, 3.6000000000000001, 4, 4, 3, 4, 4.7999999999999998, 
3, 3, 4.2000000000000002, 3.7999999999999998, 4, 4.4000000000000004, 
4, 2, 4, 5, 3.6000000000000001, 2.7999999999999998, 4, 4, 3.2000000000000002, 
3.7999999999999998, 4.5999999999999996, 3.3999999999999999, 3.2000000000000002, 
4, 2, 3.7999999999999998, 2.7999999999999998, 2.6000000000000001, 
3.7999999999999998, 3.6000000000000001, 3.7999999999999998, 3.7999999999999998, 
4, 3.7999999999999998, 3.3999999999999999, 4.7999999999999998, 
4.4000000000000004, 4, 3.7999999999999998, 3, 2.6000000000000001, 
3.7999999999999998, 2.6000000000000001, 3, 5, 3.3999999999999999, 
4, 4.2000000000000002, 2, 3.2000000000000002, 3.6000000000000001, 
4.7999999999999998, 4, 3.3999999999999999, 4.2000000000000002, 
2.3999999999999999, 3.7999999999999998, 4.7999999999999998, 4, 
5, 3.2000000000000002, 3, 3, 3.6000000000000001, 2.2000000000000002, 
2.3999999999999999, 4, 4, 3.2000000000000002, 2.2000000000000002, 
4, 4, 4, 3.7999999999999998, 2.6000000000000001, 4.5999999999999996, 
3.7999999999999998, 4.2000000000000002, 3.3999999999999999, 4.2000000000000002, 
2.6000000000000001, 4, 3.6000000000000001, 3, 3, 3.2000000000000002, 
4.5999999999999996, 4, 3.6000000000000001, 4, 3, 2.7999999999999998, 
3.6000000000000001, 4, 3.7999999999999998, 2.3999999999999999, 
5, 2.2000000000000002, 2.6000000000000001, 4, 3.6000000000000001, 
3.3999999999999999, 4, 4.4000000000000004, 3.6000000000000001, 
4, 2.2000000000000002, 2.3999999999999999, 3.7999999999999998, 
3.7999999999999998, 4, 4, 4, 4, 4, 3.7999999999999998, 3.7999999999999998, 
4, 4, 4, 3.7999999999999998, 3.7999999999999998, 4, 3, 4, 3.6000000000000001, 
3, 5, 4),