sasv8ch65sec26 <-
structure(c(6, 1, 5, 6, 7, 3, 3, 6, 6, 7, 8, 12, 6, 9, 5, 6, 
5, 3, 3, 5, 8, 16, 15, 15, 12, 7, 9, 11, 7, 9, 15, 18, 20, 14, 
14, 2, 13, 3, 10, 8, 18, 9, 17, 10, 6, 14, 18, 15, 20, 10, 26, 
20, 29, 16, 13, 26, 10, 22, 21, 12, 27, 8, 31, 22, 9, 22, 22, 
29, 27, 18), .Dim = c(10L, 7L), .Dimnames = list(NULL, c("y1", 
"y2", "y3", "x1", "x2", "x3", "x4")))
