Thorndike00 <-
list(data = structure(c(1, 0.65000000000000002, 0.56000000000000005, 
0.28000000000000003, 0.46999999999999997, 0.48999999999999999, 
0.40000000000000002, 0.40999999999999998, 0.19, 0.29999999999999999, 
0.34000000000000002, 0.34000000000000002, 0.38, 0.65000000000000002, 
1, 0.64000000000000001, 0.33000000000000002, 0.58999999999999997, 
0.44, 0.48999999999999999, 0.59999999999999998, 0.20999999999999999, 
0.34000000000000002, 0.39000000000000001, 0.45000000000000001, 
0.40999999999999998, 0.56000000000000005, 0.64000000000000001, 
1, 0.42999999999999999, 0.59999999999999998, 0.40999999999999998, 
0.58999999999999997, 0.40999999999999998, 0.20999999999999999, 
0.39000000000000001, 0.46000000000000002, 0.40999999999999998, 
0.41999999999999998, 0.28000000000000003, 0.33000000000000002, 
0.42999999999999999, 1, 0.53000000000000003, 0.28000000000000003, 
0.28000000000000003, 0.20999999999999999, 0.14000000000000001, 
0.40999999999999998, 0.40000000000000002, 0.23000000000000001, 
0.26000000000000001, 0.46999999999999997, 0.58999999999999997, 
0.59999999999999998, 0.53000000000000003, 1, 0.41999999999999998, 
0.53000000000000003, 0.45000000000000001, 0.22, 0.64000000000000001, 
0.57999999999999996, 0.34000000000000002, 0.42999999999999999, 
0.48999999999999999, 0.44, 0.40999999999999998, 0.28000000000000003, 
0.41999999999999998, 1, 0.46000000000000002, 0.46000000000000002, 
0.29999999999999999, 0.39000000000000001, 0.39000000000000001, 
0.35999999999999999, 0.40000000000000002, 0.40000000000000002, 
0.48999999999999999, 0.58999999999999997, 0.28000000000000003, 
0.53000000000000003, 0.46000000000000002, 1, 0.56000000000000005, 
0.29999999999999999, 0.52000000000000002, 0.47999999999999998, 
0.41999999999999998, 0.46999999999999997, 0.40999999999999998, 
0.59999999999999998, 0.40999999999999998, 0.20999999999999999, 
0.45000000000000001, 0.46000000000000002, 0.56000000000000005, 
1, 0.31, 0.39000000000000001, 0.44, 0.41999999999999998, 0.45000000000000001, 
0.19, 0.20999999999999999, 0.20999999999999999, 0.14000000000000001, 
0.22, 0.29999999999999999, 0.29999999999999999, 0.31, 1, 0.28000000000000003, 
0.31, 0.38, 0.28999999999999998, 0.29999999999999999, 0.34000000000000002, 
0.39000000000000001, 0.40999999999999998, 0.64000000000000001, 
0.39000000000000001, 0.52000000000000002, 0.39000000000000001, 
0.28000000000000003, 1, 0.55000000000000004, 0.28999999999999998, 
0.39000000000000001, 0.34000000000000002, 0.39000000000000001, 
0.46000000000000002, 0.40000000000000002, 0.57999999999999996, 
0.39000000000000001, 0.47999999999999998, 0.44, 0.31, 0.55000000000000004, 
1, 0.40000000000000002, 0.51000000000000001, 0.34000000000000002, 
0.45000000000000001, 0.40999999999999998, 0.23000000000000001, 
0.34000000000000002, 0.35999999999999999, 0.41999999999999998, 
0.41999999999999998, 0.38, 0.28999999999999998, 0.40000000000000002, 
1, 0.40999999999999998, 0.38, 0.40999999999999998, 0.41999999999999998, 
0.26000000000000001, 0.42999999999999999, 0.40000000000000002, 
0.46999999999999997, 0.45000000000000001, 0.28999999999999998, 
0.39000000000000001, 0.51000000000000001, 0.40999999999999998, 
1), .Dim = c(13L, 13L), .Dimnames = list(c("y1", "y2", "y3", 
"y4", "y5", "x1", "x2", "x3", "x4", "x5", "x6", "x7", "x8"), 
    c("y1", "y2", "y3", "y4", "y5", "x1", "x2", "x3", "x4", "x5", 
    "x6", "x7", "x8"))), n = 679)
